36 0.052885 0.049279 0.105769 0.088942
36 0.195312 0.786058 0.106971 0.076923
36 0.795673 0.790264 0.100962 0.070913
52 0.182091 0.033053 0.032452 0.056490
52 0.183894 0.088341 0.112981 0.046875
15 0.311899 0.060096 0.109375 0.052885
15 0.188702 0.311899 0.108173 0.046875
36 0.314904 0.319111 0.100962 0.056490
8 0.145433 0.182692 0.036058 0.076923
8 0.204327 0.182692 0.072115 0.052885
8 0.400841 0.061899 0.037260 0.075721
8 0.457933 0.058293 0.074519 0.054087
44 0.312500 0.189303 0.105769 0.061298
4 0.058894 0.174880 0.112981 0.042067
9 0.058894 0.303486 0.098558 0.058894
44 0.198317 0.893029 0.103365 0.055288
54 0.069712 0.545072 0.115385 0.056490
52 0.190505 0.462139 0.111779 0.049279
52 0.192308 0.412260 0.033654 0.055288
52 0.072115 0.698317 0.110577 0.040865
52 0.069712 0.646635 0.038462 0.057692
48 0.180889 0.652644 0.049279 0.026442
48 0.149038 0.664663 0.019231 0.050481
49 0.528846 0.701923 0.019231 0.024038
49 0.528245 0.719351 0.022837 0.015625
24 0.532452 0.746394 0.031250 0.036058
24 0.503005 0.729567 0.025240 0.069712
44 0.564904 0.065505 0.105769 0.063702
24 0.332933 0.789062 0.026442 0.054087
49 0.343750 0.733774 0.019231 0.030048
54 0.817909 0.065505 0.111779 0.073317
15 0.802885 0.442308 0.115385 0.062500
44 0.918870 0.558894 0.106971 0.064904
36 0.937500 0.198918 0.105769 0.070913
