4 0.287260 0.044471 0.108173 0.040865
4 0.771034 0.055288 0.109375 0.043269
4 0.765625 0.409856 0.103365 0.036058
4 0.890625 0.286659 0.112981 0.034856
8 0.046274 0.025240 0.082933 0.050481
8 0.133413 0.397837 0.036058 0.069712
8 0.186899 0.396034 0.070913 0.042067
8 0.612981 0.056490 0.033654 0.069712
8 0.668870 0.051082 0.068510 0.039663
10 0.572716 0.766827 0.078125 0.105769
15 0.290865 0.286058 0.105769 0.043269
15 0.171274 0.516827 0.106971 0.038462
15 0.759615 0.634615 0.100962 0.038462
15 0.875601 0.861779 0.106971 0.040865
22 0.406250 0.756611 0.057692 0.104567
24 0.474760 0.620793 0.026442 0.068510
24 0.507212 0.635216 0.038462 0.039663
36 0.887019 0.404447 0.100962 0.068510
44 0.876803 0.748798 0.104567 0.050481
48 0.031250 0.618389 0.052885 0.020433
48 0.124399 0.854567 0.018029 0.045673
48 0.158053 0.842548 0.046875 0.016827
48 0.109976 0.032452 0.018029 0.055288
48 0.147837 0.021034 0.050481 0.022837
44 0.292067 0.402043 0.103365 0.058894
52 0.167668 0.309495 0.109375 0.046875
52 0.171875 0.657452 0.108173 0.040865
52 0.173077 0.609976 0.033654 0.046875
52 0.165865 0.263221 0.028846 0.055288
36 0.169471 0.967548 0.108173 0.064904
49 0.148438 0.159856 0.046875 0.031250
49 0.229567 0.090745 0.031250 0.018029
49 0.230168 0.067308 0.022837 0.028846
49 0.503606 0.594952 0.021635 0.021635
49 0.506010 0.611779 0.031250 0.016827
49 0.606971 0.390625 0.026442 0.016827
49 0.608774 0.158654 0.025240 0.019231
49 0.741587 0.745192 0.040865 0.024038
8 0.965745 0.753005 0.032452 0.068510
48 0.835337 0.519231 0.016827 0.048077
48 0.869591 0.506611 0.046875 0.018029
49 0.770433 0.204327 0.064904 0.033654
49 0.771034 0.153245 0.046875 0.056490
49 0.877404 0.168870 0.043269 0.025240
49 0.978365 0.147236 0.028846 0.015625
54 0.765024 0.293870 0.111779 0.063702
54 0.762019 0.522236 0.110577 0.068510
54 0.875000 0.969952 0.105769 0.060096
52 0.756611 0.840144 0.032452 0.040865
48 0.603365 0.291466 0.019231 0.044471
48 0.635817 0.278245 0.045673 0.018029
48 0.849159 0.049880 0.015625 0.046875
10 0.886418 0.032452 0.051683 0.021635
