54 0.091947 0.037260 0.116587 0.060096
54 0.948317 0.551683 0.103365 0.055288
54 0.715144 0.081130 0.108173 0.051683
10 0.616587 0.535457 0.055288 0.080529
8 0.185697 0.051683 0.034856 0.064904
8 0.237380 0.050481 0.066106 0.038462
8 0.052885 0.278846 0.038462 0.072115
8 0.112981 0.280649 0.076923 0.051683
8 0.046875 0.769832 0.036058 0.068510
8 0.106971 0.766226 0.074519 0.042067
54 0.347356 0.533654 0.112981 0.062500
55 0.093149 0.161659 0.109375 0.063702
55 0.216947 0.168269 0.092548 0.052885
55 0.350962 0.175481 0.105769 0.062500
55 0.347957 0.414062 0.099760 0.058894
55 0.089543 0.647837 0.116587 0.064904
55 0.084135 0.887620 0.110577 0.063702
55 0.344952 0.767428 0.103365 0.058894
8 0.365385 0.650240 0.072115 0.045673
8 0.309495 0.649639 0.032452 0.063702
55 0.473558 0.183894 0.096154 0.060096
8 0.434495 0.418870 0.032452 0.063702
8 0.676082 0.311899 0.034856 0.061298
8 0.731370 0.312500 0.068510 0.038462
8 0.799880 0.082332 0.032452 0.063702
8 0.852764 0.083534 0.066106 0.037260
8 0.966346 0.662861 0.067308 0.042067
8 0.912861 0.664062 0.032452 0.063702
55 0.949519 0.782452 0.100962 0.060096
55 0.950120 0.433293 0.097356 0.049279
55 0.951923 0.204327 0.096154 0.057692
55 0.833534 0.200721 0.099760 0.055288
55 0.716346 0.194712 0.096154 0.052885
15 0.091947 0.405048 0.111779 0.050481
15 0.352163 0.061298 0.108173 0.055288
15 0.470553 0.304087 0.109375 0.050481
15 0.219952 0.769832 0.117788 0.044471
15 0.950120 0.093750 0.097356 0.048077
5 0.949519 0.900240 0.062500 0.093750
52 0.828726 0.925481 0.118990 0.043269
52 0.828125 0.875601 0.036058 0.058894
52 0.832933 0.466346 0.117788 0.043269
52 0.828125 0.411058 0.036058 0.057692
36 0.829327 0.322115 0.100962 0.062500
50 0.953125 0.323317 0.093750 0.050481
50 0.352163 0.300481 0.098558 0.038462
50 0.093750 0.530048 0.105769 0.045673
5 0.343149 0.890024 0.070913 0.106971
36 0.223558 0.292067 0.110577 0.069712
52 0.220553 0.440505 0.123798 0.044471
52 0.224159 0.385216 0.039663 0.063702
55 0.236178 0.631010 0.054087 0.031250
24 0.235577 0.677885 0.043269 0.043269
52 0.214543 0.923077 0.121394 0.038462
52 0.216947 0.866587 0.034856 0.060096
24 0.190505 0.647837 0.039663 0.103365
