15 0.118990 0.182091 0.060096 0.042067
15 0.310096 0.188101 0.057692 0.025240
15 0.126202 0.393029 0.060096 0.031250
15 0.315505 0.659255 0.054087 0.030048
15 0.192909 0.728966 0.054087 0.025240
15 0.739784 0.391226 0.056490 0.022837
15 0.865986 0.391827 0.058894 0.028846
15 0.924279 0.730168 0.060096 0.027644
44 0.859976 0.725361 0.056490 0.032452
44 0.739183 0.458534 0.055288 0.032452
44 0.616587 0.323918 0.055288 0.027644
44 0.620192 0.184495 0.057692 0.027644
44 0.246995 0.183293 0.056490 0.034856
44 0.246995 0.323918 0.056490 0.032452
44 0.254207 0.792668 0.056490 0.027644
36 0.194712 0.795072 0.057692 0.027644
36 0.798678 0.725962 0.054087 0.038462
36 0.801082 0.460938 0.054087 0.037260
36 0.679087 0.394832 0.055288 0.039663
36 0.313101 0.396034 0.054087 0.037260
8 0.323317 0.458534 0.036058 0.022837
8 0.295673 0.462139 0.019231 0.039663
8 0.129207 0.248197 0.037260 0.025240
8 0.097957 0.253005 0.018029 0.044471
8 0.686899 0.458534 0.037260 0.027644
8 0.657452 0.459736 0.016827 0.039663
8 0.567909 0.189303 0.034856 0.022837
8 0.536058 0.185096 0.014423 0.028846
10 0.421274 0.679688 0.054087 0.085337
54 0.131010 0.662861 0.060096 0.042067
54 0.255409 0.726562 0.058894 0.030048
54 0.198317 0.860577 0.060096 0.033654
48 0.185096 0.656851 0.038462 0.015625
48 0.290264 0.590745 0.013221 0.027644
49 0.188101 0.409856 0.034856 0.021635
49 0.873798 0.126202 0.036058 0.021635
