41 0.126202 0.479567 0.093750 0.170673
40 0.230769 0.716346 0.081731 0.216346
33 0.376202 0.841346 0.112981 0.144231
43 0.228966 0.260216 0.087740 0.265625
49 0.522837 0.451923 0.055288 0.096154
49 0.520433 0.431490 0.040865 0.055288
49 0.519832 0.480769 0.054087 0.038462
24 0.527043 0.542668 0.073317 0.090144
24 0.459736 0.492788 0.058894 0.187500
47 0.377404 0.164062 0.125000 0.188702
10 0.626202 0.165865 0.112981 0.187500
13 0.786058 0.266226 0.100962 0.219952
20 0.865385 0.481971 0.115385 0.170673
28 0.777043 0.709736 0.078125 0.236779
29 0.623197 0.841346 0.131010 0.153846
